2.21370058
2.87122973
4.03110501
4.28833655
0.20205126
3.15249276
2.43469648
1.90276436
5.81147391
5.94401147
0.85667968
1.78609115
3.76117639
0.38241624
3.02592520
4.83303535
1.93495162
0.53379243
5.66918159
1.09981672
2.00775894
1.37299957
4.69760564
5.92340237
4.62578175
2.76264786
1.79544470
5.57958054
1.30856578
5.45077598
1.60111999
2.14353798
2.16648748
2.56406728
2.46968995
3.78182841
2.38463097
2.71095555
0.70943525
3.63431430
1.49841600
3.39254698
1.74237021
3.81717684
1.33864556
3.50339297
2.27964030
2.96201472
2.87842813
2.83920303
5.10468887
3.74618521
2.44880037
3.36372926
4.28357816
4.51216597
2.39397492
2.64472567
0.11112802
1.80764602
3.29236276
1.08049467
4.00338631
3.22112322
2.70501443
0.75549239
2.70474461
3.49330166
4.72460822
10.45317243
3.47662591
4.89112631
2.39000178
9.57454838
3.28769689
1.47937290
5.09120404
1.59121205
4.67718502
1.47411276
2.62075498
3.19686866
1.46571558
3.08327564
3.15037392
4.90620221
2.86415570
0.54107079
1.42036481
2.21042603
3.52095928
0.92580827
1.82919578
2.30703593
3.70853253
1.02685268
0.59178399
0.52485657
2.19363723
3.24179877
1.00630377
2.02686165
1.99288292
3.94704542
2.34149284
2.13113546
1.96366249
3.43494045
1.12453737
0.95928446
2.18895769
0.82956798
2.93444874
3.10249792
0.98221131
4.45552238
4.84316299
1.22485695
2.98204139
4.29388733
0.70338449
1.00096492
2.91884077
8.30239364
5.99053210
0.87209870
2.72918096
1.03666449
3.06753175
2.22403637
2.64605525
3.62953948
5.34073281
1.66943176
1.38381313
3.50895749
1.39839509
1.00118813
2.58067690
4.03007858
4.60960747
6.18100116
6.97267116
2.96868300
3.76400688
1.91540092
3.76430044
7.26399414
4.30079634
1.45860529
2.21689443
3.47408082
3.41442162
3.81233892
4.85546601
5.11847138
3.72333320
1.34907956
1.88824539
3.04483206
4.90452982
5.21561276
3.67675530
4.14735605
4.07159392
3.08623291
2.32391340
5.72905531
2.44326619
3.11235572
1.63947012
1.63487968
2.41757102
5.60267419
2.24669603
2.04273738
3.05800727
4.18238140
2.14213824
1.14579742
3.00682002
4.19559703
0.79869691
2.07340618
3.34866369
1.28267219
2.50095082
5.00076399
1.51194248
1.47542589
4.37930328
1.40605725
2.75844458
2.83255359
3.52192524
1.08408669
1.11753571
5.35535802
3.24377979
0.28816405
5.89886736
1.64549722
2.41704000
3.15067457
5.40895348
13.34285563
9.28571748
2.90238824
1.00198856
1.88901696
1.28131972
4.15061903
4.05883911
5.18838851
6.96076893
2.86229660
3.90188978
1.48214704
2.42664301
5.94277552
0.18975126
3.60871489
1.89408292
2.53295086
1.82317548
0.47670124
3.44779058
3.38385760
2.83329361
7.08971155
5.22436246
0.33238317
0.90553748
2.24218452
1.51693054
3.81889813
2.20197642
3.89954074
1.69077395
3.49111070
2.49638926
2.32030037
4.03113324
3.29461640
1.02704305
4.29407065
2.17591816
5.35703381
1.33135933
3.37852859
1.74285634
1.32012456
2.24340077
4.09784107
4.09756433
1.62387984
5.44805543
2.18843460
2.97757291
4.58333482
2.11783671
0.67498362
3.63872087
2.94970178
1.93946110
1.98928788
3.65739775
1.96490399
4.70897825
3.48524478
3.63955392
2.55978395
3.05073390
1.41186171
5.29890678
3.39646236
3.28127194
2.01107486
0.42688369
6.13065876
6.22360404
0.92693202
4.16965828
4.92030910
1.19256213
2.48821214
2.36877463
4.78765989
1.46660219
4.37831875
2.19300916
4.74738599
1.36019139
0.76562546
0.99339252
3.13876345
4.04511033
4.42775642
0.80291190
4.14034475
